1:  0-5
2:  5-10
3:  10-15
4:  15-20
5:  0-20
6:  0-10
7:  10-20


1-2:
None

1-3:
None

1-4:
None

1-5:
853 0.0 0.0
993554 0.0 0.0
993919 1.0 0.0
993984 0.0 0.0

1-6:
853 0.0 0.0
5438 0.0 0.0
74941 0.0 0.0
77824 0.0 0.0
78577 0.0 0.0
79485 0.0 0.0
81562 0.0 0.0
84805 0.0 0.0
86334 0.0 0.0
88814 0.0 0.0
88853 0.0 0.0
993554 0.0 0.0
993919 1.0 0.0
993984 0.0 0.0

1-7:
None

2-3:
3193 3.0 1.0
97543 0.0 3.0

2-4:
98635 3.0 2.0
130819 3.0 1.0
236594 4.0 0.0
336859 5.0 3.0
661233 2.0 0.0
740293 0.0 2.0

2-5:
9174 3.0 0.0
98410 0.0 0.0
987182 0.0 0.0
992233 0.0 0.0
995388 0.0 0.0
996667 1.0 0.0

2-6:
98410 0.0 0.0
98635 3.0 0.0
100159 5.0 0.0
103692 0.0 0.0
109529 1.0 0.0
109668 0.0 0.0
112644 2.0 0.0
113962 5.0 0.0
117054 5.0 0.0
120768 0.0 0.0
122738 4.0 1.0
123547 5.0 0.0
126748 4.0 1.0
130775 0.0 5.0
130819 3.0 0.0
136562 1.0 0.0
146317 2.0 0.0
147196 3.0 0.0
147360 0.0 0.0
147990 5.0 0.0
149817 0.0 0.0
154273 0.0 0.0
154836 1.0 0.0
155128 2.0 0.0
159679 2.0 0.0
160054 1.0 0.0
165930 1.0 0.0
170009 0.0 0.0
170709 0.0 0.0
175369 0.0 0.0
177207 3.0 0.0
177918 4.0 1.0
180070 1.0 0.0
188675 0.0 0.0
190593 0.0 0.0
197301 1.0 0.0
199002 0.0 0.0
200741 0.0 0.0
202252 1.0 0.0
206536 1.0 0.0
217452 1.0 0.0
220446 0.0 0.0
220938 0.0 0.0
222630 1.0 0.0
225589 1.0 0.0
226047 0.0 0.0
228772 0.0 0.0
228925 3.0 0.0
230795 0.0 0.0
232650 0.0 0.0
234317 0.0 0.0
235569 4.0 1.0
236594 4.0 1.0
236961 1.0 0.0
239748 1.0 0.0
240744 0.0 0.0
242145 0.0 0.0
243848 0.0 0.0
244692 2.0 3.0
247181 0.0 0.0
248246 2.0 0.0
249958 5.0 0.0
251304 0.0 0.0
255365 3.0 0.0
256455 4.0 1.0
257279 0.0 0.0
260095 1.0 0.0
265739 2.0 0.0
267189 5.0 0.0
267458 1.0 0.0
267965 1.0 0.0
281192 0.0 0.0
286206 2.0 0.0
292071 5.0 5.0
293509 0.0 0.0
293636 0.0 0.0
294155 1.0 0.0
296922 3.0 0.0
302504 1.0 0.0
304404 4.0 1.0
305174 3.0 0.0
306392 0.0 0.0
306743 0.0 0.0
310091 0.0 0.0
311765 0.0 0.0
328554 0.0 0.0
331113 1.0 0.0
334418 1.0 0.0
334683 4.0 1.0
335928 1.0 0.0
336232 2.0 0.0
336749 1.0 0.0
336859 5.0 0.0
337196 0.0 0.0
337302 2.0 0.0
338380 0.0 0.0
339918 1.0 0.0
344248 0.0 0.0
345063 5.0 0.0
355705 0.0 0.0
356937 1.0 0.0
358784 2.0 0.0
367497 2.0 0.0
372979 0.0 0.0
373309 2.0 0.0
375002 2.0 0.0
381167 0.0 0.0
382890 0.0 0.0
387246 2.0 0.0
387691 0.0 0.0
390760 0.0 0.0
395556 0.0 0.0
401359 0.0 0.0
405015 1.0 0.0
405536 1.0 0.0
407138 1.0 0.0
410746 4.0 1.0
412991 4.0 1.0
414673 2.0 0.0
421390 2.0 0.0
423354 3.0 0.0
434008 1.0 0.0
435496 1.0 0.0
442714 2.0 0.0
446600 2.0 0.0
446849 1.0 2.0
447144 2.0 0.0
448680 5.0 0.0
451086 0.0 0.0
454817 0.0 0.0
454845 0.0 0.0
457500 3.0 0.0
458615 1.0 0.0
467029 0.0 0.0
468036 0.0 3.0
470584 1.0 0.0
472664 0.0 0.0
477134 1.0 0.0
480669 0.0 0.0
481220 2.0 0.0
483586 0.0 0.0
484307 0.0 0.0
485125 0.0 0.0
485197 2.0 0.0
490389 0.0 0.0
492727 1.0 0.0
497480 1.0 0.0
502268 0.0 0.0
506941 0.0 0.0
512136 0.0 0.0
513416 4.0 1.0
516490 0.0 0.0
517849 2.0 0.0
520716 2.0 0.0
521359 2.0 0.0
526880 1.0 0.0
528367 4.0 1.0
532097 0.0 6.0
532524 1.0 0.0
536306 0.0 0.0
539583 0.0 0.0
542251 2.0 0.0
542831 3.0 0.0
549683 3.0 0.0
554492 4.0 1.0
554674 1.0 0.0
555724 3.0 0.0
555961 2.0 0.0
556180 0.0 0.0
558080 1.0 0.0
558722 5.0 0.0
559763 4.0 1.0
561981 1.0 6.0
568601 1.0 0.0
573187 5.0 0.0
573222 0.0 0.0
575409 2.0 0.0
577341 4.0 1.0
577743 0.0 0.0
578870 2.0 0.0
581686 1.0 0.0
582893 5.0 0.0
584392 1.0 0.0
584770 2.0 0.0
588770 0.0 0.0
588961 2.0 0.0
589016 2.0 0.0
589688 0.0 0.0
595502 3.0 0.0
595722 1.0 0.0
595724 0.0 0.0
597320 0.0 0.0
599998 1.0 0.0
602600 2.0 0.0
602862 0.0 0.0
602913 4.0 1.0
606670 0.0 0.0
607649 1.0 0.0
608458 0.0 0.0
609370 5.0 0.0
610035 0.0 0.0
611703 0.0 0.0
620679 5.0 0.0
621933 1.0 0.0
623708 2.0 0.0
623955 2.0 0.0
627154 1.0 0.0
632880 0.0 0.0
633872 2.0 0.0
641378 1.0 0.0
648387 0.0 0.0
650270 0.0 0.0
654844 0.0 0.0
657690 1.0 0.0
661233 2.0 0.0
662819 1.0 0.0
666921 0.0 0.0
667996 2.0 0.0
671344 1.0 0.0
674893 0.0 0.0
681416 0.0 0.0
683010 0.0 0.0
690994 1.0 0.0
692946 2.0 0.0
695137 1.0 0.0
695578 0.0 0.0
696807 2.0 0.0
699919 3.0 0.0
704923 1.0 0.0
707304 0.0 0.0
707360 2.0 2.0
721256 1.0 0.0
721986 1.0 0.0
727778 2.0 0.0
731872 1.0 0.0
735255 1.0 0.0
740293 0.0 0.0
740419 1.0 0.0
743647 0.0 0.0
745817 1.0 0.0
749343 2.0 0.0
749792 2.0 0.0
750362 0.0 0.0
751734 2.0 0.0
756651 0.0 0.0
758049 0.0 0.0
761208 0.0 0.0
767297 1.0 0.0
769430 2.0 0.0
778660 0.0 0.0
779048 5.0 0.0
779166 4.0 1.0
782647 1.0 0.0
784537 0.0 0.0
790795 1.0 0.0
791629 0.0 0.0
791633 1.0 0.0
796838 0.0 0.0
797316 0.0 0.0
797390 2.0 0.0
800113 1.0 0.0
806371 2.0 0.0
807119 3.0 0.0
807894 0.0 0.0
808915 3.0 0.0
809415 2.0 0.0
812468 1.0 0.0
814519 1.0 0.0
814930 1.0 0.0
816374 2.0 2.0
817281 0.0 0.0
817447 0.0 0.0
817780 1.0 0.0
820494 0.0 1.0
827210 0.0 0.0
827998 1.0 0.0
830903 0.0 0.0
832114 0.0 0.0
837850 0.0 0.0
847141 0.0 0.0
851715 0.0 0.0
855494 0.0 0.0
856589 2.0 0.0
857276 5.0 0.0
863014 5.0 0.0
866710 4.0 1.0
867252 1.0 0.0
870060 5.0 1.0
872176 1.0 0.0
874823 2.0 0.0
882249 0.0 0.0
882571 5.0 0.0
883536 0.0 0.0
888419 0.0 0.0
902280 0.0 0.0
902951 1.0 0.0
903928 1.0 0.0
904960 0.0 0.0
909099 4.0 1.0
912718 5.0 0.0
914652 4.0 1.0
922540 1.0 0.0
924168 0.0 0.0
924225 0.0 0.0
926480 5.0 0.0
927103 0.0 0.0
930969 0.0 0.0
935467 3.0 0.0
936192 1.0 0.0
942340 0.0 0.0
943488 3.0 0.0
946573 0.0 0.0
956082 0.0 0.0
960225 0.0 0.0
961141 0.0 0.0
962016 0.0 0.0
962176 1.0 0.0
968346 1.0 0.0
970732 3.0 0.0
971016 4.0 1.0
977498 2.0 0.0
977660 0.0 0.0
977741 4.0 1.0
977761 0.0 0.0
978293 1.0 0.0
979135 2.0 0.0
980799 1.0 0.0
981556 4.0 1.0
984654 0.0 0.0
987182 0.0 0.0
992233 0.0 0.0
995388 0.0 0.0
996667 1.0 0.0
1001310 0.0 0.0
1003903 5.0 0.0
1007976 3.0 0.0
1014247 5.0 2.0
1019128 0.0 0.0
1021332 2.0 0.0
1027358 2.0 0.0
1028848 0.0 0.0
1031023 0.0 0.0
1032053 5.0 0.0
1035703 2.0 0.0
1036650 0.0 0.0
1038707 1.0 0.0
1043350 2.0 0.0
1043925 2.0 0.0
1045703 1.0 0.0
1049514 2.0 0.0
1051595 0.0 0.0
1052894 0.0 0.0
1053206 2.0 0.0
1053368 1.0 0.0
1053373 1.0 0.0
1053834 2.0 0.0
1055407 0.0 0.0
1056252 2.0 0.0
1056618 4.0 1.0
1057183 0.0 0.0
1059319 1.0 0.0
1066547 0.0 0.0
1075691 1.0 0.0
1078438 0.0 0.0
1083991 2.0 0.0
1091341 1.0 0.0
1092546 2.0 0.0
1092941 0.0 0.0
1093606 1.0 0.0
1095963 0.0 1.0
1099093 1.0 0.0
1099632 5.0 0.0
1100408 5.0 0.0
1100449 1.0 0.0
1104240 1.0 0.0
1105640 5.0 0.0
1106492 0.0 0.0
1107334 2.0 0.0
1109729 1.0 0.0
1109929 2.0 0.0
1116146 0.0 0.0
1117400 3.0 0.0
1118789 1.0 0.0
1122832 0.0 0.0
1125045 1.0 0.0
1132534 0.0 0.0
1134792 0.0 0.0
1138692 1.0 0.0
1139240 0.0 0.0
1139480 2.0 0.0
1140251 1.0 0.0
1142654 0.0 0.0
1143184 0.0 0.0
1143345 1.0 0.0
1143386 4.0 1.0
1149006 0.0 0.0
1151568 0.0 0.0
1158855 0.0 0.0
1172266 0.0 0.0
1173475 2.0 0.0
1177669 1.0 0.0
1180631 2.0 0.0
1182526 1.0 0.0
1184749 0.0 0.0
1186521 3.0 0.0
1192837 1.0 0.0
1194495 4.0 1.0
1197436 0.0 0.0
1199365 2.0 0.0
1200408 0.0 0.0
1202772 2.0 0.0
1208326 0.0 0.0
1209731 4.0 1.0
1209852 1.0 0.0
1210281 0.0 0.0
1213537 0.0 0.0
1213560 2.0 0.0
1216787 3.0 0.0
1220652 0.0 1.0
1221423 1.0 0.0
1222530 5.0 0.0
1222608 0.0 0.0
1231865 2.0 0.0
1232000 0.0 0.0
1234550 0.0 0.0
1238186 1.0 0.0
1239189 1.0 0.0
1241748 0.0 0.0
1243429 2.0 2.0
1243944 2.0 0.0
1246811 3.0 0.0
1247440 0.0 0.0
1249621 1.0 0.0
1250555 5.0 0.0

2-7
9174 3.0 0.0
19753 0.0 0.0

3-4:
57979 2.0 0.0

3-5:
987273 2.0 0.0

3-6:
None

3-7:
987273 2.0 0.0
989617 3.0 0.0

4-5:
998469 3.0 0.0
1035396 0.0 0.0
1045568 3.0 0.0
1045991 0.0 0.0
1047396 0.0 0.0
1059971 0.0 0.0
1064877 3.0 0.0
1069437 0.0 0.0
1083084 2.0 0.0
1090499 2.0 0.0
1104708 1.0 0.0
1134077 2.0 0.0
1158409 3.0 0.0
1158855 2.0 0.0
1172028 0.0 0.0
1178122 3.0 0.0
1178631 1.0 0.0
1200614 3.0 0.0
1205971 3.0 0.0
1224035 1.0 0.0
1237116 1.0 0.0
1247710 0.0 0.0

4-6:
95707 0.0 0.0
98635 2.0 0.0
130819 1.0 0.0
236594 0.0 1.0
336859 3.0 0.0
389308 3.0 0.0
393398 0.0 4.0
489638 3.0 0.0
490991 1.0 0.0
661233 0.0 0.0
740293 2.0 0.0
931313 0.0 3.0
946491 2.0 4.0

4-7:
998469 3.0 0.0
1035396 0.0 0.0
1045568 3.0 0.0
1045991 0.0 0.0
1047396 0.0 0.0
1064877 3.0 0.0
1069437 0.0 0.0
1083084 2.0 0.0
1104708 1.0 0.0
1134077 2.0 0.0
1158409 3.0 0.0
1158855 2.0 0.0
1163941 0.0 0.0
1172028 0.0 0.0
1178122 3.0 0.0
1178631 1.0 0.0
1182767 1.0 0.0
1200614 3.0 0.0
1205971 3.0 0.0
1224035 1.0 0.0
1247710 0.0 0.0

5-6:
853 0.0 0.0
5054 11.0 6.0
7020 0.0 0.0
7437 0.0 0.0
98410 0.0 0.0
987182 0.0 0.0
987264 0.0 0.0
991561 0.0 0.0
992233 0.0 0.0
992761 4.0 5.0
993554 0.0 0.0
993919 0.0 0.0
993984 0.0 0.0
995067 0.0 0.0
995303 12.0 3.0
995388 0.0 0.0
996420 0.0 0.0
996667 0.0 0.0


5-7:
9174 0.0 0.0
987273 0.0 0.0
988582 6.0 1.0
989221 0.0 0.0
991561 0.0 0.0
994227 15.0 2.0
998469 0.0 0.0
1000064 0.0 0.0
1001830 0.0 0.0
1007315 0.0 0.0
1026100 15.0 2.0
1035396 0.0 0.0
1040395 0.0 0.0
1043707 0.0 0.0
1045568 0.0 0.0
1045991 0.0 0.0
1047396 0.0 0.0
1054385 0.0 0.0
1057726 0.0 0.0
1058461 0.0 0.0
1061387 15.0 2.0
1064877 0.0 0.0
1068451 0.0 0.0
1069437 0.0 0.0
1069615 0.0 0.0
1075691 0.0 0.0
1077582 0.0 0.0
1079202 15.0 2.0
1080222 0.0 0.0
1081596 0.0 0.0
1083084 0.0 0.0
1087528 0.0 0.0
1088134 0.0 0.0
1094340 0.0 0.0
1098972 0.0 0.0
1100095 6.0 1.0
1100379 6.0 1.0
1101749 0.0 0.0
1104708 0.0 0.0
1117991 0.0 0.0
1118838 0.0 0.0
1125947 0.0 0.0
1129313 0.0 0.0
1134077 0.0 0.0
1135669 15.0 2.0
1140218 0.0 0.0
1147004 10.0 0.0
1147616 0.0 0.0
1147923 0.0 0.0
1149186 0.0 0.0
1154801 0.0 0.0
1156038 6.0 1.0
1158409 0.0 0.0
1158855 0.0 0.0
1163989 0.0 0.0
1165732 0.0 0.0
1168517 0.0 0.0
1172028 0.0 0.0
1174346 0.0 0.0
1176830 0.0 0.0
1178122 0.0 0.0
1178631 0.0 0.0
1181776 0.0 0.0
1183676 0.0 0.0
1185807 15.0 2.0
1189995 0.0 0.0
1198370 6.0 1.0
1198769 0.0 0.0
1199238 0.0 0.0
1200614 0.0 0.0
1205971 0.0 0.0
1216144 0.0 0.0
1223655 0.0 0.0
1224035 0.0 0.0
1228731 6.0 1.0
1229919 0.0 0.0
1246422 0.0 0.0
1247710 0.0 0.0


6-7:
991561 0.0 0.0




